Accuracy on mushroom dataset using logistic regression with a learning rate of 1.0, 100 epochs and a batchsize of 50 is: 
Training: 0.9540324235583829
Validation: 0.9581538461538461